customers 20
vehicles 5
vehicle 24
distance
68 45 75 53 15 9 92 3 10 94 3 23 22 17 5 38 93 67 76 7 
83 1 2 5 55 7 74 41 24 64 62 74 14 97 23 94 8 67 78 
23 28 56 49 46 72 79 62 76 45 85 7 25 45 27 97 85 82 
72 6 24 13 91 86 40 76 89 8 16 16 76 36 15 14 35 
79 66 65 92 90 40 31 99 22 96 26 66 6 11 5 10 
10 2 33 7 24 33 98 47 84 73 34 9 92 40 40 
44 48 88 49 82 53 18 79 22 73 3 60 58 45 
81 65 47 67 72 67 69 11 76 2 29 100 42 
21 22 20 94 83 74 76 81 94 100 54 29 
75 13 58 2 37 59 8 58 60 92 90 
52 81 21 94 8 79 39 78 18 15 
17 65 75 27 71 88 59 17 7 
79 37 75 66 64 74 98 70 
28 7 16 35 33 65 82 
69 44 50 60 5 30 
14 5 62 16 45 
65 54 24 97 
55 96 84 
39 85 
84 
demand
1 10 9 2 9 2 9 8 5 4 10 5 3 1 8 5 1 10 3 3