customers 20
vehicles 5
vehicle 26
distance
23 34 10 31 95 11 14 99 76 13 47 18 64 62 45 33 93 48 93 33 
13 8 82 69 86 67 86 55 86 63 91 65 99 9 92 17 2 5 4 
60 97 28 37 70 55 19 63 11 18 17 20 21 30 24 30 24 16 
83 1 47 23 90 63 38 83 94 39 57 39 4 8 82 69 78 
84 88 35 15 19 56 99 65 85 12 94 77 1 29 91 99 
48 76 2 92 80 1 16 41 48 93 12 76 82 99 84 
38 14 70 4 64 71 57 19 82 75 26 68 46 19 
58 88 64 63 15 50 32 19 32 41 36 14 40 
39 10 52 96 64 94 65 33 68 53 9 67 
44 66 96 49 54 14 61 71 66 46 90 
23 8 70 39 6 30 17 95 30 24 
90 30 62 52 34 2 12 66 4 
32 14 71 72 90 65 74 62 
75 76 85 2 98 31 91 
36 27 29 67 77 67 
7 73 77 1 44 
70 51 78 93 
8 65 42 
54 56 
91 
demand
3 6 9 5 8 7 6 8 1 6 2 3 2 9 2 8 10 8 5 9