customers 20
vehicles 5
vehicle 23
distance
41 14 76 6 13 86 91 31 68 69 21 61 46 77 92 88 1 39 47 50 
9 50 13 16 69 86 84 51 74 33 59 99 52 32 21 57 86 49 82 
28 81 19 20 66 60 37 29 38 32 41 20 65 38 6 50 95 20 
29 55 18 36 83 53 19 85 59 36 92 95 32 90 17 7 39 
19 14 16 93 19 2 98 16 7 95 26 50 95 96 75 68 
63 61 64 100 48 17 25 88 93 23 81 27 42 56 96 
82 41 56 64 71 18 71 28 69 41 97 1 95 32 
97 42 8 23 13 81 76 11 91 68 77 51 48 
14 40 38 34 10 77 98 45 39 85 46 62 
31 78 61 74 18 10 88 7 56 41 89 
84 41 55 95 53 29 90 90 8 42 
100 14 39 16 5 75 54 59 34 
68 45 78 85 11 18 41 52 
14 31 25 45 23 14 35 
11 40 95 78 73 2 
12 50 45 51 11 
20 26 14 24 
68 18 85 
82 34 
76 
demand
4 5 3 2 2 10 4 7 6 8 8 5 3 1 3 8 10 6 5 6