customers 20
vehicles 5
vehicle 23
distance
26 20 63 94 78 36 18 25 64 59 78 92 57 73 62 94 63 68 92 29 
42 39 7 67 17 36 83 35 81 38 1 8 91 12 88 78 81 67 31 
58 60 68 81 83 70 76 73 48 80 69 83 46 29 86 98 86 77 
33 36 48 83 98 81 96 12 96 68 23 53 52 13 23 96 30 
98 4 4 81 22 78 97 89 9 9 71 72 98 31 7 15 
81 15 31 60 95 68 47 9 72 93 2 46 16 16 43 
24 47 78 96 73 61 4 47 76 10 84 34 45 49 
31 28 38 62 82 21 77 47 23 12 20 80 3 
57 15 92 12 25 62 4 47 94 96 63 28 
10 78 49 27 41 52 70 91 95 10 24 
38 21 37 3 52 44 99 98 93 94 
72 26 98 78 93 73 20 10 89 
7 66 62 59 3 14 38 62 
24 27 33 81 39 59 84 
45 49 91 83 89 99 
90 82 49 77 13 
54 22 67 63 
48 13 19 
2 17 
67 
demand
5 7 10 3 9 7 8 1 1 2 4 8 4 3 10 4 3 10 4 2