customers 20
vehicles 5
vehicle 26
distance
3 72 90 7 6 31 96 50 56 75 80 93 1 15 88 37 73 91 82 68 
84 51 57 69 72 76 24 48 92 30 28 24 56 41 35 47 15 96 11 
9 28 22 13 30 22 63 75 13 38 26 15 18 10 52 18 29 24 
5 12 25 28 43 75 5 55 28 7 47 48 48 88 14 96 30 
35 44 83 13 37 48 71 63 96 90 65 21 91 88 59 27 
56 2 35 16 28 99 88 63 92 45 94 21 57 8 73 
84 92 34 94 41 54 22 54 41 86 20 43 2 60 
33 91 60 51 66 74 22 22 64 31 6 37 2 
25 34 7 26 86 17 21 24 6 54 6 81 
44 30 37 88 63 57 92 86 84 54 23 
85 58 86 67 82 37 38 70 3 5 
85 16 92 46 47 43 62 76 36 
86 13 42 81 24 28 58 73 
83 25 16 24 20 35 25 
70 48 96 20 58 35 
39 53 84 38 42 
1 8 48 83 
71 87 61 
33 65 
83 
demand
5 6 10 7 8 8 4 1 1 10 9 6 1 4 10 3 7 8 6 3